  0.0000    3    3.000   1.0000    2G_SAME_HH
  3.0000    4    3.000   1.0000    2G_SAME_HR
  6.0000    0    1.000   1.0000          NULL 
  7.0000    5    3.000   1.0000    2G_DIFF_HH
 10.0000    4    3.000   1.0000    2G_SAME_HR
 13.0000    1    3.000   1.0000         1G_HH
 16.0000    1    3.000   1.0000         1G_HH
 19.0000    0    1.000   1.0000          NULL 
 20.0000    2    3.000   1.0000         1G_HR
 23.0000    4    3.000   1.0000    2G_SAME_HR
 26.0000    5    3.000   1.0000    2G_DIFF_HH
 29.0000    2    3.000   1.0000         1G_HR
 32.0000    4    3.000   1.0000    2G_SAME_HR
 35.0000    2    3.000   1.0000         1G_HR
 38.0000    2    3.000   1.0000         1G_HR
 41.0000    1    3.000   1.0000         1G_HH
 44.0000    1    3.000   1.0000         1G_HH
 47.0000    2    3.000   1.0000         1G_HR
 50.0000    5    3.000   1.0000    2G_DIFF_HH
 53.0000    6    3.000   1.0000    2G_DIFF_HR
 56.0000    7    3.000   1.0000         Catch
 59.0000    6    3.000   1.0000    2G_DIFF_HR
 62.0000    0    2.000   1.0000          NULL 
 64.0000    4    3.000   1.0000    2G_SAME_HR
 67.0000    1    3.000   1.0000         1G_HH
 70.0000    0    2.000   1.0000          NULL 
 72.0000    7    3.000   1.0000         Catch
 75.0000    2    3.000   1.0000         1G_HR
 78.0000    6    3.000   1.0000    2G_DIFF_HR
 81.0000    1    3.000   1.0000         1G_HH
 84.0000    6    3.000   1.0000    2G_DIFF_HR
 87.0000    0    1.000   1.0000          NULL 
 88.0000    2    3.000   1.0000         1G_HR
 91.0000    3    3.000   1.0000    2G_SAME_HH
 94.0000    0    1.000   1.0000          NULL 
 95.0000    1    3.000   1.0000         1G_HH
 98.0000    2    3.000   1.0000         1G_HR
101.0000    3    3.000   1.0000    2G_SAME_HH
104.0000    0    1.000   1.0000          NULL 
105.0000    7    3.000   1.0000         Catch
108.0000    0    1.000   1.0000          NULL 
109.0000    3    3.000   1.0000    2G_SAME_HH
112.0000    7    3.000   1.0000         Catch
115.0000    4    3.000   1.0000    2G_SAME_HR
118.0000    3    3.000   1.0000    2G_SAME_HH
121.0000    2    3.000   1.0000         1G_HR
124.0000    5    3.000   1.0000    2G_DIFF_HH
127.0000    0    1.000   1.0000          NULL 
128.0000    3    3.000   1.0000    2G_SAME_HH
131.0000    1    3.000   1.0000         1G_HH
134.0000    2    3.000   1.0000         1G_HR
137.0000    0    1.000   1.0000          NULL 
138.0000    1    3.000   1.0000         1G_HH
141.0000    2    3.000   1.0000         1G_HR
144.0000    2    3.000   1.0000         1G_HR
147.0000    4    3.000   1.0000    2G_SAME_HR
150.0000    0    1.000   1.0000          NULL 
151.0000    2    3.000   1.0000         1G_HR
154.0000    0    1.000   1.0000          NULL 
155.0000    5    3.000   1.0000    2G_DIFF_HH
158.0000    1    3.000   1.0000         1G_HH
161.0000    0    1.000   1.0000          NULL 
162.0000    4    3.000   1.0000    2G_SAME_HR
165.0000    1    3.000   1.0000         1G_HH
168.0000    2    3.000   1.0000         1G_HR
171.0000    6    3.000   1.0000    2G_DIFF_HR
174.0000    4    3.000   1.0000    2G_SAME_HR
177.0000    2    3.000   1.0000         1G_HR
180.0000    0    1.000   1.0000          NULL 
181.0000    6    3.000   1.0000    2G_DIFF_HR
184.0000    1    3.000   1.0000         1G_HH
187.0000    1    3.000   1.0000         1G_HH
190.0000    3    3.000   1.0000    2G_SAME_HH
193.0000    5    3.000   1.0000    2G_DIFF_HH
196.0000    0    1.000   1.0000          NULL 
197.0000    5    3.000   1.0000    2G_DIFF_HH
200.0000    2    3.000   1.0000         1G_HR
203.0000    1    3.000   1.0000         1G_HH
206.0000    0    1.000   1.0000          NULL 
207.0000    3    3.000   1.0000    2G_SAME_HH
210.0000    0    1.000   1.0000          NULL 
211.0000    3    3.000   1.0000    2G_SAME_HH
214.0000    5    3.000   1.0000    2G_DIFF_HH
217.0000    2    3.000   1.0000         1G_HR
220.0000    3    3.000   1.0000    2G_SAME_HH
223.0000    1    3.000   1.0000         1G_HH
226.0000    6    3.000   1.0000    2G_DIFF_HR
229.0000    4    3.000   1.0000    2G_SAME_HR
232.0000    4    3.000   1.0000    2G_SAME_HR
235.0000    5    3.000   1.0000    2G_DIFF_HH
238.0000    2    3.000   1.0000         1G_HR
241.0000    0    1.000   1.0000          NULL 
242.0000    1    3.000   1.0000         1G_HH
245.0000    6    3.000   1.0000    2G_DIFF_HR
248.0000    0    1.000   1.0000          NULL 
249.0000    3    3.000   1.0000    2G_SAME_HH
252.0000    4    3.000   1.0000    2G_SAME_HR
255.0000    0    1.000   1.0000          NULL 
256.0000    6    3.000   1.0000    2G_DIFF_HR
259.0000    2    3.000   1.0000         1G_HR
262.0000    1    3.000   1.0000         1G_HH
265.0000    5    3.000   1.0000    2G_DIFF_HH
268.0000    0    1.000   1.0000          NULL 
269.0000    2    3.000   1.0000         1G_HR
272.0000    0    3.000   1.0000          NULL 
275.0000    4    3.000   1.0000    2G_SAME_HR
278.0000    5    3.000   1.0000    2G_DIFF_HH
281.0000    4    3.000   1.0000    2G_SAME_HR
284.0000    0    1.000   1.0000          NULL 
285.0000    2    3.000   1.0000         1G_HR
288.0000    1    3.000   1.0000         1G_HH
291.0000    3    3.000   1.0000    2G_SAME_HH
294.0000    2    3.000   1.0000         1G_HR
297.0000    1    3.000   1.0000         1G_HH
300.0000    7    3.000   1.0000         Catch
303.0000    0    1.000   1.0000          NULL 
304.0000    3    3.000   1.0000    2G_SAME_HH
307.0000    6    3.000   1.0000    2G_DIFF_HR
310.0000    3    3.000   1.0000    2G_SAME_HH
313.0000    2    3.000   1.0000         1G_HR
316.0000    1    3.000   1.0000         1G_HH
319.0000    1    3.000   1.0000         1G_HH
322.0000    1    3.000   1.0000         1G_HH
325.0000    0    2.000   1.0000          NULL 
327.0000    4    3.000   1.0000    2G_SAME_HR
330.0000    2    3.000   1.0000         1G_HR
333.0000    1    3.000   1.0000         1G_HH
336.0000    3    3.000   1.0000    2G_SAME_HH
339.0000    0    1.000   1.0000          NULL 
340.0000    2    3.000   1.0000         1G_HR
343.0000    2    3.000   1.0000         1G_HR
346.0000    5    3.000   1.0000    2G_DIFF_HH
349.0000    7    3.000   1.0000         Catch
352.0000    1    3.000   1.0000         1G_HH
355.0000    1    3.000   1.0000         1G_HH
358.0000    0    1.000   1.0000          NULL 
359.0000    6    3.000   1.0000    2G_DIFF_HR
362.0000    5    3.000   1.0000    2G_DIFF_HH
365.0000    0    3.000   1.0000          NULL 
368.0000    6    3.000   1.0000    2G_DIFF_HR
371.0000    5    3.000   1.0000    2G_DIFF_HH
374.0000    5    3.000   1.0000    2G_DIFF_HH
377.0000    1    3.000   1.0000         1G_HH
380.0000    6    3.000   1.0000    2G_DIFF_HR
383.0000    2    3.000   1.0000         1G_HR
386.0000    1    3.000   1.0000         1G_HH
389.0000    1    3.000   1.0000         1G_HH
392.0000    2    3.000   1.0000         1G_HR
395.0000    3    3.000   1.0000    2G_SAME_HH
398.0000    6    3.000   1.0000    2G_DIFF_HR
401.0000    1    3.000   1.0000         1G_HH
404.0000    2    3.000   1.0000         1G_HR
407.0000    2    3.000   1.0000         1G_HR
410.0000    0    3.000   1.0000          NULL 
413.0000    2    3.000   1.0000         1G_HR
416.0000    0    1.000   1.0000          NULL 
417.0000    7    3.000   1.0000         Catch
420.0000    0    1.000   1.0000          NULL 
421.0000    6    3.000   1.0000    2G_DIFF_HR
424.0000    6    3.000   1.0000    2G_DIFF_HR
427.0000    0    1.000   1.0000          NULL 
428.0000    1    3.000   1.0000         1G_HH
431.0000    5    3.000   1.0000    2G_DIFF_HH
434.0000    0    1.000   1.0000          NULL 
435.0000    4    3.000   1.0000    2G_SAME_HR
438.0000    1    3.000   1.0000         1G_HH
441.0000    0    2.000   1.0000          NULL 
443.0000    2    3.000   1.0000         1G_HR
446.0000    7    3.000   1.0000         Catch
449.0000    0    4.000   1.0000          NULL 
453.0000    1    3.000   1.0000         1G_HH
