  0.0000    2    3.000   1.0000         1G_HR
  3.0000    0    2.000   1.0000          NULL 
  5.0000    1    3.000   1.0000         1G_HH
  8.0000    6    3.000   1.0000    2G_DIFF_HR
 11.0000    5    3.000   1.0000    2G_DIFF_HH
 14.0000    2    3.000   1.0000         1G_HR
 17.0000    5    3.000   1.0000    2G_DIFF_HH
 20.0000    5    3.000   1.0000    2G_DIFF_HH
 23.0000    1    3.000   1.0000         1G_HH
 26.0000    2    3.000   1.0000         1G_HR
 29.0000    2    3.000   1.0000         1G_HR
 32.0000    1    3.000   1.0000         1G_HH
 35.0000    2    3.000   1.0000         1G_HR
 38.0000    7    3.000   1.0000         Catch
 41.0000    1    3.000   1.0000         1G_HH
 44.0000    2    3.000   1.0000         1G_HR
 47.0000    2    3.000   1.0000         1G_HR
 50.0000    2    3.000   1.0000         1G_HR
 53.0000    0    3.000   1.0000          NULL 
 56.0000    3    3.000   1.0000    2G_SAME_HH
 59.0000    6    3.000   1.0000    2G_DIFF_HR
 62.0000    0    1.000   1.0000          NULL 
 63.0000    4    3.000   1.0000    2G_SAME_HR
 66.0000    1    3.000   1.0000         1G_HH
 69.0000    2    3.000   1.0000         1G_HR
 72.0000    6    3.000   1.0000    2G_DIFF_HR
 75.0000    0    1.000   1.0000          NULL 
 76.0000    5    3.000   1.0000    2G_DIFF_HH
 79.0000    6    3.000   1.0000    2G_DIFF_HR
 82.0000    2    3.000   1.0000         1G_HR
 85.0000    2    3.000   1.0000         1G_HR
 88.0000    2    3.000   1.0000         1G_HR
 91.0000    0    1.000   1.0000          NULL 
 92.0000    4    3.000   1.0000    2G_SAME_HR
 95.0000    3    3.000   1.0000    2G_SAME_HH
 98.0000    0    1.000   1.0000          NULL 
 99.0000    2    3.000   1.0000         1G_HR
102.0000    0    1.000   1.0000          NULL 
103.0000    7    3.000   1.0000         Catch
106.0000    2    3.000   1.0000         1G_HR
109.0000    6    3.000   1.0000    2G_DIFF_HR
112.0000    3    3.000   1.0000    2G_SAME_HH
115.0000    0    1.000   1.0000          NULL 
116.0000    5    3.000   1.0000    2G_DIFF_HH
119.0000    2    3.000   1.0000         1G_HR
122.0000    4    3.000   1.0000    2G_SAME_HR
125.0000    1    3.000   1.0000         1G_HH
128.0000    1    3.000   1.0000         1G_HH
131.0000    4    3.000   1.0000    2G_SAME_HR
134.0000    0    1.000   1.0000          NULL 
135.0000    2    3.000   1.0000         1G_HR
138.0000    2    3.000   1.0000         1G_HR
141.0000    7    3.000   1.0000         Catch
144.0000    6    3.000   1.0000    2G_DIFF_HR
147.0000    7    3.000   1.0000         Catch
150.0000    3    3.000   1.0000    2G_SAME_HH
153.0000    1    3.000   1.0000         1G_HH
156.0000    0    1.000   1.0000          NULL 
157.0000    4    3.000   1.0000    2G_SAME_HR
160.0000    2    3.000   1.0000         1G_HR
163.0000    4    3.000   1.0000    2G_SAME_HR
166.0000    1    3.000   1.0000         1G_HH
169.0000    2    3.000   1.0000         1G_HR
172.0000    1    3.000   1.0000         1G_HH
175.0000    0    1.000   1.0000          NULL 
176.0000    2    3.000   1.0000         1G_HR
179.0000    6    3.000   1.0000    2G_DIFF_HR
182.0000    3    3.000   1.0000    2G_SAME_HH
185.0000    2    3.000   1.0000         1G_HR
188.0000    2    3.000   1.0000         1G_HR
191.0000    0    1.000   1.0000          NULL 
192.0000    1    3.000   1.0000         1G_HH
195.0000    6    3.000   1.0000    2G_DIFF_HR
198.0000    6    3.000   1.0000    2G_DIFF_HR
201.0000    0    2.000   1.0000          NULL 
203.0000    6    3.000   1.0000    2G_DIFF_HR
206.0000    0    1.000   1.0000          NULL 
207.0000    5    3.000   1.0000    2G_DIFF_HH
210.0000    2    3.000   1.0000         1G_HR
213.0000    4    3.000   1.0000    2G_SAME_HR
216.0000    0    1.000   1.0000          NULL 
217.0000    1    3.000   1.0000         1G_HH
220.0000    5    3.000   1.0000    2G_DIFF_HH
223.0000    3    3.000   1.0000    2G_SAME_HH
226.0000    2    3.000   1.0000         1G_HR
229.0000    7    3.000   1.0000         Catch
232.0000    5    3.000   1.0000    2G_DIFF_HH
235.0000    4    3.000   1.0000    2G_SAME_HR
238.0000    7    3.000   1.0000         Catch
241.0000    1    3.000   1.0000         1G_HH
244.0000    1    3.000   1.0000         1G_HH
247.0000    4    3.000   1.0000    2G_SAME_HR
250.0000    5    3.000   1.0000    2G_DIFF_HH
253.0000    5    3.000   1.0000    2G_DIFF_HH
256.0000    1    3.000   1.0000         1G_HH
259.0000    4    3.000   1.0000    2G_SAME_HR
262.0000    0    4.000   1.0000          NULL 
266.0000    6    3.000   1.0000    2G_DIFF_HR
269.0000    0    1.000   1.0000          NULL 
270.0000    3    3.000   1.0000    2G_SAME_HH
273.0000    2    3.000   1.0000         1G_HR
276.0000    6    3.000   1.0000    2G_DIFF_HR
279.0000    0    1.000   1.0000          NULL 
280.0000    1    3.000   1.0000         1G_HH
283.0000    0    2.000   1.0000          NULL 
285.0000    3    3.000   1.0000    2G_SAME_HH
288.0000    4    3.000   1.0000    2G_SAME_HR
291.0000    4    3.000   1.0000    2G_SAME_HR
294.0000    5    3.000   1.0000    2G_DIFF_HH
297.0000    6    3.000   1.0000    2G_DIFF_HR
300.0000    0    3.000   1.0000          NULL 
303.0000    1    3.000   1.0000         1G_HH
306.0000    1    3.000   1.0000         1G_HH
309.0000    6    3.000   1.0000    2G_DIFF_HR
312.0000    1    3.000   1.0000         1G_HH
315.0000    7    3.000   1.0000         Catch
318.0000    3    3.000   1.0000    2G_SAME_HH
321.0000    3    3.000   1.0000    2G_SAME_HH
324.0000    0    1.000   1.0000          NULL 
325.0000    3    3.000   1.0000    2G_SAME_HH
328.0000    1    3.000   1.0000         1G_HH
331.0000    5    3.000   1.0000    2G_DIFF_HH
334.0000    2    3.000   1.0000         1G_HR
337.0000    0    1.000   1.0000          NULL 
338.0000    1    3.000   1.0000         1G_HH
341.0000    2    3.000   1.0000         1G_HR
344.0000    3    3.000   1.0000    2G_SAME_HH
347.0000    0    1.000   1.0000          NULL 
348.0000    1    3.000   1.0000         1G_HH
351.0000    0    1.000   1.0000          NULL 
352.0000    1    3.000   1.0000         1G_HH
355.0000    1    3.000   1.0000         1G_HH
358.0000    0    1.000   1.0000          NULL 
359.0000    5    3.000   1.0000    2G_DIFF_HH
362.0000    0    1.000   1.0000          NULL 
363.0000    3    3.000   1.0000    2G_SAME_HH
366.0000    0    1.000   1.0000          NULL 
367.0000    5    3.000   1.0000    2G_DIFF_HH
370.0000    4    3.000   1.0000    2G_SAME_HR
373.0000    0    1.000   1.0000          NULL 
374.0000    4    3.000   1.0000    2G_SAME_HR
377.0000    5    3.000   1.0000    2G_DIFF_HH
380.0000    7    3.000   1.0000         Catch
383.0000    5    3.000   1.0000    2G_DIFF_HH
386.0000    0    1.000   1.0000          NULL 
387.0000    1    3.000   1.0000         1G_HH
390.0000    1    3.000   1.0000         1G_HH
393.0000    3    3.000   1.0000    2G_SAME_HH
396.0000    1    3.000   1.0000         1G_HH
399.0000    4    3.000   1.0000    2G_SAME_HR
402.0000    3    3.000   1.0000    2G_SAME_HH
405.0000    0    3.000   1.0000          NULL 
408.0000    2    3.000   1.0000         1G_HR
411.0000    2    3.000   1.0000         1G_HR
414.0000    1    3.000   1.0000         1G_HH
417.0000    0    2.000   1.0000          NULL 
419.0000    3    3.000   1.0000    2G_SAME_HH
422.0000    6    3.000   1.0000    2G_DIFF_HR
425.0000    1    3.000   1.0000         1G_HH
428.0000    1    3.000   1.0000         1G_HH
431.0000    2    3.000   1.0000         1G_HR
434.0000    2    3.000   1.0000         1G_HR
437.0000    0    3.000   1.0000          NULL 
440.0000    1    3.000   1.0000         1G_HH
443.0000    1    3.000   1.0000         1G_HH
446.0000    4    3.000   1.0000    2G_SAME_HR
449.0000    6    3.000   1.0000    2G_DIFF_HR
452.0000    2    3.000   1.0000         1G_HR
455.0000    0    1.000   1.0000          NULL 
