  0.0000    1    3.000   1.0000         1G_HH
  3.0000    6    3.000   1.0000    2G_DIFF_HR
  6.0000    7    3.000   1.0000         Catch
  9.0000    5    3.000   1.0000    2G_DIFF_HH
 12.0000    3    3.000   1.0000    2G_SAME_HH
 15.0000    1    3.000   1.0000         1G_HH
 18.0000    1    3.000   1.0000         1G_HH
 21.0000    3    3.000   1.0000    2G_SAME_HH
 24.0000    1    3.000   1.0000         1G_HH
 27.0000    2    3.000   1.0000         1G_HR
 30.0000    1    3.000   1.0000         1G_HH
 33.0000    0    1.000   1.0000          NULL 
 34.0000    2    3.000   1.0000         1G_HR
 37.0000    1    3.000   1.0000         1G_HH
 40.0000    0    1.000   1.0000          NULL 
 41.0000    1    3.000   1.0000         1G_HH
 44.0000    2    3.000   1.0000         1G_HR
 47.0000    0    1.000   1.0000          NULL 
 48.0000    5    3.000   1.0000    2G_DIFF_HH
 51.0000    2    3.000   1.0000         1G_HR
 54.0000    5    3.000   1.0000    2G_DIFF_HH
 57.0000    1    3.000   1.0000         1G_HH
 60.0000    7    3.000   1.0000         Catch
 63.0000    2    3.000   1.0000         1G_HR
 66.0000    5    3.000   1.0000    2G_DIFF_HH
 69.0000    1    3.000   1.0000         1G_HH
 72.0000    0    1.000   1.0000          NULL 
 73.0000    6    3.000   1.0000    2G_DIFF_HR
 76.0000    2    3.000   1.0000         1G_HR
 79.0000    1    3.000   1.0000         1G_HH
 82.0000    2    3.000   1.0000         1G_HR
 85.0000    0    1.000   1.0000          NULL 
 86.0000    1    3.000   1.0000         1G_HH
 89.0000    0    1.000   1.0000          NULL 
 90.0000    7    3.000   1.0000         Catch
 93.0000    0    2.000   1.0000          NULL 
 95.0000    3    3.000   1.0000    2G_SAME_HH
 98.0000    7    3.000   1.0000         Catch
101.0000    1    3.000   1.0000         1G_HH
104.0000    0    1.000   1.0000          NULL 
105.0000    3    3.000   1.0000    2G_SAME_HH
108.0000    3    3.000   1.0000    2G_SAME_HH
111.0000    6    3.000   1.0000    2G_DIFF_HR
114.0000    4    3.000   1.0000    2G_SAME_HR
117.0000    2    3.000   1.0000         1G_HR
120.0000    0    1.000   1.0000          NULL 
121.0000    1    3.000   1.0000         1G_HH
124.0000    1    3.000   1.0000         1G_HH
127.0000    0    1.000   1.0000          NULL 
128.0000    2    3.000   1.0000         1G_HR
131.0000    4    3.000   1.0000    2G_SAME_HR
134.0000    4    3.000   1.0000    2G_SAME_HR
137.0000    0    1.000   1.0000          NULL 
138.0000    6    3.000   1.0000    2G_DIFF_HR
141.0000    5    3.000   1.0000    2G_DIFF_HH
144.0000    4    3.000   1.0000    2G_SAME_HR
147.0000    3    3.000   1.0000    2G_SAME_HH
150.0000    0    1.000   1.0000          NULL 
151.0000    2    3.000   1.0000         1G_HR
154.0000    0    2.000   1.0000          NULL 
156.0000    6    3.000   1.0000    2G_DIFF_HR
159.0000    0    2.000   1.0000          NULL 
161.0000    2    3.000   1.0000         1G_HR
164.0000    4    3.000   1.0000    2G_SAME_HR
167.0000    1    3.000   1.0000         1G_HH
170.0000    3    3.000   1.0000    2G_SAME_HH
173.0000    1    3.000   1.0000         1G_HH
176.0000    1    3.000   1.0000         1G_HH
179.0000    6    3.000   1.0000    2G_DIFF_HR
182.0000    3    3.000   1.0000    2G_SAME_HH
185.0000    6    3.000   1.0000    2G_DIFF_HR
188.0000    0    1.000   1.0000          NULL 
189.0000    2    3.000   1.0000         1G_HR
192.0000    0    1.000   1.0000          NULL 
193.0000    3    3.000   1.0000    2G_SAME_HH
196.0000    5    3.000   1.0000    2G_DIFF_HH
199.0000    0    1.000   1.0000          NULL 
200.0000    2    3.000   1.0000         1G_HR
203.0000    5    3.000   1.0000    2G_DIFF_HH
206.0000    0    1.000   1.0000          NULL 
207.0000    1    3.000   1.0000         1G_HH
210.0000    6    3.000   1.0000    2G_DIFF_HR
213.0000    6    3.000   1.0000    2G_DIFF_HR
216.0000    1    3.000   1.0000         1G_HH
219.0000    2    3.000   1.0000         1G_HR
222.0000    6    3.000   1.0000    2G_DIFF_HR
225.0000    0    1.000   1.0000          NULL 
226.0000    1    3.000   1.0000         1G_HH
229.0000    7    3.000   1.0000         Catch
232.0000    1    3.000   1.0000         1G_HH
235.0000    0    1.000   1.0000          NULL 
236.0000    1    3.000   1.0000         1G_HH
239.0000    3    3.000   1.0000    2G_SAME_HH
242.0000    0    3.000   1.0000          NULL 
245.0000    4    3.000   1.0000    2G_SAME_HR
248.0000    2    3.000   1.0000         1G_HR
251.0000    2    3.000   1.0000         1G_HR
254.0000    1    3.000   1.0000         1G_HH
257.0000    4    3.000   1.0000    2G_SAME_HR
260.0000    6    3.000   1.0000    2G_DIFF_HR
263.0000    3    3.000   1.0000    2G_SAME_HH
266.0000    0    1.000   1.0000          NULL 
267.0000    2    3.000   1.0000         1G_HR
270.0000    4    3.000   1.0000    2G_SAME_HR
273.0000    4    3.000   1.0000    2G_SAME_HR
276.0000    0    1.000   1.0000          NULL 
277.0000    2    3.000   1.0000         1G_HR
280.0000    0    1.000   1.0000          NULL 
281.0000    1    3.000   1.0000         1G_HH
284.0000    0    1.000   1.0000          NULL 
285.0000    2    3.000   1.0000         1G_HR
288.0000    6    3.000   1.0000    2G_DIFF_HR
291.0000    0    2.000   1.0000          NULL 
293.0000    6    3.000   1.0000    2G_DIFF_HR
296.0000    0    1.000   1.0000          NULL 
297.0000    4    3.000   1.0000    2G_SAME_HR
300.0000    1    3.000   1.0000         1G_HH
303.0000    5    3.000   1.0000    2G_DIFF_HH
306.0000    0    1.000   1.0000          NULL 
307.0000    7    3.000   1.0000         Catch
310.0000    0    1.000   1.0000          NULL 
311.0000    2    3.000   1.0000         1G_HR
314.0000    7    3.000   1.0000         Catch
317.0000    4    3.000   1.0000    2G_SAME_HR
320.0000    2    3.000   1.0000         1G_HR
323.0000    1    3.000   1.0000         1G_HH
326.0000    0    1.000   1.0000          NULL 
327.0000    6    3.000   1.0000    2G_DIFF_HR
330.0000    1    3.000   1.0000         1G_HH
333.0000    4    3.000   1.0000    2G_SAME_HR
336.0000    0    1.000   1.0000          NULL 
337.0000    1    3.000   1.0000         1G_HH
340.0000    0    2.000   1.0000          NULL 
342.0000    5    3.000   1.0000    2G_DIFF_HH
345.0000    3    3.000   1.0000    2G_SAME_HH
348.0000    5    3.000   1.0000    2G_DIFF_HH
351.0000    0    1.000   1.0000          NULL 
352.0000    3    3.000   1.0000    2G_SAME_HH
355.0000    0    2.000   1.0000          NULL 
357.0000    2    3.000   1.0000         1G_HR
360.0000    4    3.000   1.0000    2G_SAME_HR
363.0000    1    3.000   1.0000         1G_HH
366.0000    3    3.000   1.0000    2G_SAME_HH
369.0000    2    3.000   1.0000         1G_HR
372.0000    4    3.000   1.0000    2G_SAME_HR
375.0000    7    3.000   1.0000         Catch
378.0000    1    3.000   1.0000         1G_HH
381.0000    2    3.000   1.0000         1G_HR
384.0000    3    3.000   1.0000    2G_SAME_HH
387.0000    1    3.000   1.0000         1G_HH
390.0000    5    3.000   1.0000    2G_DIFF_HH
393.0000    2    3.000   1.0000         1G_HR
396.0000    2    3.000   1.0000         1G_HR
399.0000    2    3.000   1.0000         1G_HR
402.0000    5    3.000   1.0000    2G_DIFF_HH
405.0000    4    3.000   1.0000    2G_SAME_HR
408.0000    0    2.000   1.0000          NULL 
410.0000    2    3.000   1.0000         1G_HR
413.0000    0    1.000   1.0000          NULL 
414.0000    4    3.000   1.0000    2G_SAME_HR
417.0000    5    3.000   1.0000    2G_DIFF_HH
420.0000    2    3.000   1.0000         1G_HR
423.0000    6    3.000   1.0000    2G_DIFF_HR
426.0000    6    3.000   1.0000    2G_DIFF_HR
429.0000    1    3.000   1.0000         1G_HH
432.0000    2    3.000   1.0000         1G_HR
435.0000    0    1.000   1.0000          NULL 
436.0000    3    3.000   1.0000    2G_SAME_HH
439.0000    2    3.000   1.0000         1G_HR
442.0000    0    1.000   1.0000          NULL 
443.0000    5    3.000   1.0000    2G_DIFF_HH
446.0000    5    3.000   1.0000    2G_DIFF_HH
449.0000    5    3.000   1.0000    2G_DIFF_HH
452.0000    2    3.000   1.0000         1G_HR
455.0000    0    1.000   1.0000          NULL 
