  0.0000    2    3.000   1.0000         1G_HR
  3.0000    5    3.000   1.0000    2G_DIFF_HH
  6.0000    3    3.000   1.0000    2G_SAME_HH
  9.0000    4    3.000   1.0000    2G_SAME_HR
 12.0000    3    3.000   1.0000    2G_SAME_HH
 15.0000    0    1.000   1.0000          NULL 
 16.0000    7    3.000   1.0000         Catch
 19.0000    2    3.000   1.0000         1G_HR
 22.0000    2    3.000   1.0000         1G_HR
 25.0000    4    3.000   1.0000    2G_SAME_HR
 28.0000    0    2.000   1.0000          NULL 
 30.0000    2    3.000   1.0000         1G_HR
 33.0000    2    3.000   1.0000         1G_HR
 36.0000    1    3.000   1.0000         1G_HH
 39.0000    2    3.000   1.0000         1G_HR
 42.0000    0    1.000   1.0000          NULL 
 43.0000    6    3.000   1.0000    2G_DIFF_HR
 46.0000    0    1.000   1.0000          NULL 
 47.0000    3    3.000   1.0000    2G_SAME_HH
 50.0000    6    3.000   1.0000    2G_DIFF_HR
 53.0000    1    3.000   1.0000         1G_HH
 56.0000    7    3.000   1.0000         Catch
 59.0000    3    3.000   1.0000    2G_SAME_HH
 62.0000    4    3.000   1.0000    2G_SAME_HR
 65.0000    5    3.000   1.0000    2G_DIFF_HH
 68.0000    0    2.000   1.0000          NULL 
 70.0000    2    3.000   1.0000         1G_HR
 73.0000    0    1.000   1.0000          NULL 
 74.0000    1    3.000   1.0000         1G_HH
 77.0000    2    3.000   1.0000         1G_HR
 80.0000    2    3.000   1.0000         1G_HR
 83.0000    0    3.000   1.0000          NULL 
 86.0000    2    3.000   1.0000         1G_HR
 89.0000    4    3.000   1.0000    2G_SAME_HR
 92.0000    2    3.000   1.0000         1G_HR
 95.0000    7    3.000   1.0000         Catch
 98.0000    6    3.000   1.0000    2G_DIFF_HR
101.0000    5    3.000   1.0000    2G_DIFF_HH
104.0000    2    3.000   1.0000         1G_HR
107.0000    3    3.000   1.0000    2G_SAME_HH
110.0000    5    3.000   1.0000    2G_DIFF_HH
113.0000    2    3.000   1.0000         1G_HR
116.0000    3    3.000   1.0000    2G_SAME_HH
119.0000    2    3.000   1.0000         1G_HR
122.0000    6    3.000   1.0000    2G_DIFF_HR
125.0000    3    3.000   1.0000    2G_SAME_HH
128.0000    1    3.000   1.0000         1G_HH
131.0000    1    3.000   1.0000         1G_HH
134.0000    5    3.000   1.0000    2G_DIFF_HH
137.0000    5    3.000   1.0000    2G_DIFF_HH
140.0000    6    3.000   1.0000    2G_DIFF_HR
143.0000    0    1.000   1.0000          NULL 
144.0000    1    3.000   1.0000         1G_HH
147.0000    4    3.000   1.0000    2G_SAME_HR
150.0000    4    3.000   1.0000    2G_SAME_HR
153.0000    2    3.000   1.0000         1G_HR
156.0000    0    1.000   1.0000          NULL 
157.0000    3    3.000   1.0000    2G_SAME_HH
160.0000    0    2.000   1.0000          NULL 
162.0000    1    3.000   1.0000         1G_HH
165.0000    1    3.000   1.0000         1G_HH
168.0000    3    3.000   1.0000    2G_SAME_HH
171.0000    5    3.000   1.0000    2G_DIFF_HH
174.0000    3    3.000   1.0000    2G_SAME_HH
177.0000    6    3.000   1.0000    2G_DIFF_HR
180.0000    6    3.000   1.0000    2G_DIFF_HR
183.0000    0    1.000   1.0000          NULL 
184.0000    2    3.000   1.0000         1G_HR
187.0000    2    3.000   1.0000         1G_HR
190.0000    4    3.000   1.0000    2G_SAME_HR
193.0000    4    3.000   1.0000    2G_SAME_HR
196.0000    5    3.000   1.0000    2G_DIFF_HH
199.0000    0    2.000   1.0000          NULL 
201.0000    1    3.000   1.0000         1G_HH
204.0000    4    3.000   1.0000    2G_SAME_HR
207.0000    0    1.000   1.0000          NULL 
208.0000    2    3.000   1.0000         1G_HR
211.0000    3    3.000   1.0000    2G_SAME_HH
214.0000    0    1.000   1.0000          NULL 
215.0000    3    3.000   1.0000    2G_SAME_HH
218.0000    2    3.000   1.0000         1G_HR
221.0000    0    1.000   1.0000          NULL 
222.0000    2    3.000   1.0000         1G_HR
225.0000    7    3.000   1.0000         Catch
228.0000    1    3.000   1.0000         1G_HH
231.0000    7    3.000   1.0000         Catch
234.0000    1    3.000   1.0000         1G_HH
237.0000    1    3.000   1.0000         1G_HH
240.0000    6    3.000   1.0000    2G_DIFF_HR
243.0000    1    3.000   1.0000         1G_HH
246.0000    0    1.000   1.0000          NULL 
247.0000    5    3.000   1.0000    2G_DIFF_HH
250.0000    0    1.000   1.0000          NULL 
251.0000    1    3.000   1.0000         1G_HH
254.0000    2    3.000   1.0000         1G_HR
257.0000    6    3.000   1.0000    2G_DIFF_HR
260.0000    0    3.000   1.0000          NULL 
263.0000    7    3.000   1.0000         Catch
266.0000    4    3.000   1.0000    2G_SAME_HR
269.0000    0    1.000   1.0000          NULL 
270.0000    2    3.000   1.0000         1G_HR
273.0000    6    3.000   1.0000    2G_DIFF_HR
276.0000    1    3.000   1.0000         1G_HH
279.0000    0    1.000   1.0000          NULL 
280.0000    1    3.000   1.0000         1G_HH
283.0000    1    3.000   1.0000         1G_HH
286.0000    5    3.000   1.0000    2G_DIFF_HH
289.0000    0    4.000   1.0000          NULL 
293.0000    6    3.000   1.0000    2G_DIFF_HR
296.0000    2    3.000   1.0000         1G_HR
299.0000    0    4.000   1.0000          NULL 
303.0000    1    3.000   1.0000         1G_HH
306.0000    0    1.000   1.0000          NULL 
307.0000    1    3.000   1.0000         1G_HH
310.0000    1    3.000   1.0000         1G_HH
313.0000    5    3.000   1.0000    2G_DIFF_HH
316.0000    7    3.000   1.0000         Catch
319.0000    2    3.000   1.0000         1G_HR
322.0000    0    2.000   1.0000          NULL 
324.0000    1    3.000   1.0000         1G_HH
327.0000    6    3.000   1.0000    2G_DIFF_HR
330.0000    1    3.000   1.0000         1G_HH
333.0000    0    1.000   1.0000          NULL 
334.0000    2    3.000   1.0000         1G_HR
337.0000    0    1.000   1.0000          NULL 
338.0000    6    3.000   1.0000    2G_DIFF_HR
341.0000    0    2.000   1.0000          NULL 
343.0000    1    3.000   1.0000         1G_HH
346.0000    1    3.000   1.0000         1G_HH
349.0000    4    3.000   1.0000    2G_SAME_HR
352.0000    0    1.000   1.0000          NULL 
353.0000    4    3.000   1.0000    2G_SAME_HR
356.0000    1    3.000   1.0000         1G_HH
359.0000    1    3.000   1.0000         1G_HH
362.0000    4    3.000   1.0000    2G_SAME_HR
365.0000    3    3.000   1.0000    2G_SAME_HH
368.0000    1    3.000   1.0000         1G_HH
371.0000    2    3.000   1.0000         1G_HR
374.0000    6    3.000   1.0000    2G_DIFF_HR
377.0000    1    3.000   1.0000         1G_HH
380.0000    3    3.000   1.0000    2G_SAME_HH
383.0000    2    3.000   1.0000         1G_HR
386.0000    2    3.000   1.0000         1G_HR
389.0000    5    3.000   1.0000    2G_DIFF_HH
392.0000    5    3.000   1.0000    2G_DIFF_HH
395.0000    2    3.000   1.0000         1G_HR
398.0000    6    3.000   1.0000    2G_DIFF_HR
401.0000    4    3.000   1.0000    2G_SAME_HR
404.0000    2    3.000   1.0000         1G_HR
407.0000    6    3.000   1.0000    2G_DIFF_HR
410.0000    5    3.000   1.0000    2G_DIFF_HH
413.0000    1    3.000   1.0000         1G_HH
416.0000    5    3.000   1.0000    2G_DIFF_HH
419.0000    4    3.000   1.0000    2G_SAME_HR
422.0000    1    3.000   1.0000         1G_HH
425.0000    3    3.000   1.0000    2G_SAME_HH
428.0000    7    3.000   1.0000         Catch
431.0000    5    3.000   1.0000    2G_DIFF_HH
434.0000    4    3.000   1.0000    2G_SAME_HR
437.0000    2    3.000   1.0000         1G_HR
440.0000    0    1.000   1.0000          NULL 
441.0000    2    3.000   1.0000         1G_HR
444.0000    3    3.000   1.0000    2G_SAME_HH
447.0000    1    3.000   1.0000         1G_HH
450.0000    0    2.000   1.0000          NULL 
452.0000    1    3.000   1.0000         1G_HH
455.0000    0    1.000   1.0000          NULL 
