  0.0000    3    3.000   1.0000    2G_SAME_HH
  3.0000    1    3.000   1.0000         1G_HH
  6.0000    1    3.000   1.0000         1G_HH
  9.0000    2    3.000   1.0000         1G_HR
 12.0000    7    3.000   1.0000         Catch
 15.0000    2    3.000   1.0000         1G_HR
 18.0000    0    1.000   1.0000          NULL 
 19.0000    2    3.000   1.0000         1G_HR
 22.0000    0    1.000   1.0000          NULL 
 23.0000    1    3.000   1.0000         1G_HH
 26.0000    2    3.000   1.0000         1G_HR
 29.0000    2    3.000   1.0000         1G_HR
 32.0000    5    3.000   1.0000    2G_DIFF_HH
 35.0000    0    2.000   1.0000          NULL 
 37.0000    4    3.000   1.0000    2G_SAME_HR
 40.0000    6    3.000   1.0000    2G_DIFF_HR
 43.0000    1    3.000   1.0000         1G_HH
 46.0000    6    3.000   1.0000    2G_DIFF_HR
 49.0000    4    3.000   1.0000    2G_SAME_HR
 52.0000    0    1.000   1.0000          NULL 
 53.0000    2    3.000   1.0000         1G_HR
 56.0000    3    3.000   1.0000    2G_SAME_HH
 59.0000    0    1.000   1.0000          NULL 
 60.0000    2    3.000   1.0000         1G_HR
 63.0000    3    3.000   1.0000    2G_SAME_HH
 66.0000    0    1.000   1.0000          NULL 
 67.0000    2    3.000   1.0000         1G_HR
 70.0000    1    3.000   1.0000         1G_HH
 73.0000    6    3.000   1.0000    2G_DIFF_HR
 76.0000    5    3.000   1.0000    2G_DIFF_HH
 79.0000    3    3.000   1.0000    2G_SAME_HH
 82.0000    4    3.000   1.0000    2G_SAME_HR
 85.0000    2    3.000   1.0000         1G_HR
 88.0000    2    3.000   1.0000         1G_HR
 91.0000    7    3.000   1.0000         Catch
 94.0000    5    3.000   1.0000    2G_DIFF_HH
 97.0000    6    3.000   1.0000    2G_DIFF_HR
100.0000    0    1.000   1.0000          NULL 
101.0000    1    3.000   1.0000         1G_HH
104.0000    1    3.000   1.0000         1G_HH
107.0000    3    3.000   1.0000    2G_SAME_HH
110.0000    0    1.000   1.0000          NULL 
111.0000    1    3.000   1.0000         1G_HH
114.0000    5    3.000   1.0000    2G_DIFF_HH
117.0000    6    3.000   1.0000    2G_DIFF_HR
120.0000    4    3.000   1.0000    2G_SAME_HR
123.0000    6    3.000   1.0000    2G_DIFF_HR
126.0000    1    3.000   1.0000         1G_HH
129.0000    4    3.000   1.0000    2G_SAME_HR
132.0000    5    3.000   1.0000    2G_DIFF_HH
135.0000    0    2.000   1.0000          NULL 
137.0000    2    3.000   1.0000         1G_HR
140.0000    0    1.000   1.0000          NULL 
141.0000    6    3.000   1.0000    2G_DIFF_HR
144.0000    3    3.000   1.0000    2G_SAME_HH
147.0000    0    1.000   1.0000          NULL 
148.0000    2    3.000   1.0000         1G_HR
151.0000    0    1.000   1.0000          NULL 
152.0000    2    3.000   1.0000         1G_HR
155.0000    4    3.000   1.0000    2G_SAME_HR
158.0000    0    1.000   1.0000          NULL 
159.0000    7    3.000   1.0000         Catch
162.0000    4    3.000   1.0000    2G_SAME_HR
165.0000    7    3.000   1.0000         Catch
168.0000    1    3.000   1.0000         1G_HH
171.0000    2    3.000   1.0000         1G_HR
174.0000    0    1.000   1.0000          NULL 
175.0000    4    3.000   1.0000    2G_SAME_HR
178.0000    2    3.000   1.0000         1G_HR
181.0000    5    3.000   1.0000    2G_DIFF_HH
184.0000    0    1.000   1.0000          NULL 
185.0000    2    3.000   1.0000         1G_HR
188.0000    4    3.000   1.0000    2G_SAME_HR
191.0000    0    1.000   1.0000          NULL 
192.0000    7    3.000   1.0000         Catch
195.0000    3    3.000   1.0000    2G_SAME_HH
198.0000    1    3.000   1.0000         1G_HH
201.0000    1    3.000   1.0000         1G_HH
204.0000    2    3.000   1.0000         1G_HR
207.0000    1    3.000   1.0000         1G_HH
210.0000    0    1.000   1.0000          NULL 
211.0000    7    3.000   1.0000         Catch
214.0000    6    3.000   1.0000    2G_DIFF_HR
217.0000    0    1.000   1.0000          NULL 
218.0000    3    3.000   1.0000    2G_SAME_HH
221.0000    3    3.000   1.0000    2G_SAME_HH
224.0000    3    3.000   1.0000    2G_SAME_HH
227.0000    4    3.000   1.0000    2G_SAME_HR
230.0000    2    3.000   1.0000         1G_HR
233.0000    6    3.000   1.0000    2G_DIFF_HR
236.0000    0    1.000   1.0000          NULL 
237.0000    7    3.000   1.0000         Catch
240.0000    1    3.000   1.0000         1G_HH
243.0000    1    3.000   1.0000         1G_HH
246.0000    0    1.000   1.0000          NULL 
247.0000    1    3.000   1.0000         1G_HH
250.0000    3    3.000   1.0000    2G_SAME_HH
253.0000    0    2.000   1.0000          NULL 
255.0000    5    3.000   1.0000    2G_DIFF_HH
258.0000    6    3.000   1.0000    2G_DIFF_HR
261.0000    2    3.000   1.0000         1G_HR
264.0000    1    3.000   1.0000         1G_HH
267.0000    4    3.000   1.0000    2G_SAME_HR
270.0000    3    3.000   1.0000    2G_SAME_HH
273.0000    0    3.000   1.0000          NULL 
276.0000    4    3.000   1.0000    2G_SAME_HR
279.0000    0    3.000   1.0000          NULL 
282.0000    4    3.000   1.0000    2G_SAME_HR
285.0000    1    3.000   1.0000         1G_HH
288.0000    4    3.000   1.0000    2G_SAME_HR
291.0000    2    3.000   1.0000         1G_HR
294.0000    5    3.000   1.0000    2G_DIFF_HH
297.0000    5    3.000   1.0000    2G_DIFF_HH
300.0000    7    3.000   1.0000         Catch
303.0000    5    3.000   1.0000    2G_DIFF_HH
306.0000    0    3.000   1.0000          NULL 
309.0000    3    3.000   1.0000    2G_SAME_HH
312.0000    6    3.000   1.0000    2G_DIFF_HR
315.0000    0    1.000   1.0000          NULL 
316.0000    2    3.000   1.0000         1G_HR
319.0000    1    3.000   1.0000         1G_HH
322.0000    5    3.000   1.0000    2G_DIFF_HH
325.0000    0    1.000   1.0000          NULL 
326.0000    5    3.000   1.0000    2G_DIFF_HH
329.0000    4    3.000   1.0000    2G_SAME_HR
332.0000    1    3.000   1.0000         1G_HH
335.0000    2    3.000   1.0000         1G_HR
338.0000    2    3.000   1.0000         1G_HR
341.0000    2    3.000   1.0000         1G_HR
344.0000    1    3.000   1.0000         1G_HH
347.0000    1    3.000   1.0000         1G_HH
350.0000    6    3.000   1.0000    2G_DIFF_HR
353.0000    1    3.000   1.0000         1G_HH
356.0000    3    3.000   1.0000    2G_SAME_HH
359.0000    5    3.000   1.0000    2G_DIFF_HH
362.0000    1    3.000   1.0000         1G_HH
365.0000    0    1.000   1.0000          NULL 
366.0000    5    3.000   1.0000    2G_DIFF_HH
369.0000    1    3.000   1.0000         1G_HH
372.0000    0    1.000   1.0000          NULL 
373.0000    2    3.000   1.0000         1G_HR
376.0000    0    1.000   1.0000          NULL 
377.0000    3    3.000   1.0000    2G_SAME_HH
380.0000    1    3.000   1.0000         1G_HH
383.0000    1    3.000   1.0000         1G_HH
386.0000    2    3.000   1.0000         1G_HR
389.0000    2    3.000   1.0000         1G_HR
392.0000    0    1.000   1.0000          NULL 
393.0000    2    3.000   1.0000         1G_HR
396.0000    2    3.000   1.0000         1G_HR
399.0000    1    3.000   1.0000         1G_HH
402.0000    0    1.000   1.0000          NULL 
403.0000    1    3.000   1.0000         1G_HH
406.0000    0    2.000   1.0000          NULL 
408.0000    6    3.000   1.0000    2G_DIFF_HR
411.0000    6    3.000   1.0000    2G_DIFF_HR
414.0000    1    3.000   1.0000         1G_HH
417.0000    5    3.000   1.0000    2G_DIFF_HH
420.0000    2    3.000   1.0000         1G_HR
423.0000    0    1.000   1.0000          NULL 
424.0000    3    3.000   1.0000    2G_SAME_HH
427.0000    0    1.000   1.0000          NULL 
428.0000    4    3.000   1.0000    2G_SAME_HR
431.0000    1    3.000   1.0000         1G_HH
434.0000    0    3.000   1.0000          NULL 
437.0000    6    3.000   1.0000    2G_DIFF_HR
440.0000    6    3.000   1.0000    2G_DIFF_HR
443.0000    2    3.000   1.0000         1G_HR
446.0000    0    1.000   1.0000          NULL 
447.0000    5    3.000   1.0000    2G_DIFF_HH
450.0000    1    3.000   1.0000         1G_HH
453.0000    2    3.000   1.0000         1G_HR
