  0.0000    3    3.000   1.0000    2G_SAME_HH
  3.0000    2    3.000   1.0000         1G_HR
  6.0000    0    1.000   1.0000          NULL 
  7.0000    3    3.000   1.0000    2G_SAME_HH
 10.0000    1    3.000   1.0000         1G_HH
 13.0000    2    3.000   1.0000         1G_HR
 16.0000    0    1.000   1.0000          NULL 
 17.0000    5    3.000   1.0000    2G_DIFF_HH
 20.0000    0    1.000   1.0000          NULL 
 21.0000    2    3.000   1.0000         1G_HR
 24.0000    7    3.000   1.0000         Catch
 27.0000    0    1.000   1.0000          NULL 
 28.0000    1    3.000   1.0000         1G_HH
 31.0000    0    1.000   1.0000          NULL 
 32.0000    1    3.000   1.0000         1G_HH
 35.0000    0    1.000   1.0000          NULL 
 36.0000    3    3.000   1.0000    2G_SAME_HH
 39.0000    0    1.000   1.0000          NULL 
 40.0000    2    3.000   1.0000         1G_HR
 43.0000    0    3.000   1.0000          NULL 
 46.0000    2    3.000   1.0000         1G_HR
 49.0000    5    3.000   1.0000    2G_DIFF_HH
 52.0000    6    3.000   1.0000    2G_DIFF_HR
 55.0000    0    1.000   1.0000          NULL 
 56.0000    1    3.000   1.0000         1G_HH
 59.0000    4    3.000   1.0000    2G_SAME_HR
 62.0000    4    3.000   1.0000    2G_SAME_HR
 65.0000    7    3.000   1.0000         Catch
 68.0000    5    3.000   1.0000    2G_DIFF_HH
 71.0000    4    3.000   1.0000    2G_SAME_HR
 74.0000    2    3.000   1.0000         1G_HR
 77.0000    4    3.000   1.0000    2G_SAME_HR
 80.0000    5    3.000   1.0000    2G_DIFF_HH
 83.0000    5    3.000   1.0000    2G_DIFF_HH
 86.0000    1    3.000   1.0000         1G_HH
 89.0000    5    3.000   1.0000    2G_DIFF_HH
 92.0000    1    3.000   1.0000         1G_HH
 95.0000    3    3.000   1.0000    2G_SAME_HH
 98.0000    0    1.000   1.0000          NULL 
 99.0000    1    3.000   1.0000         1G_HH
102.0000    5    3.000   1.0000    2G_DIFF_HH
105.0000    2    3.000   1.0000         1G_HR
108.0000    3    3.000   1.0000    2G_SAME_HH
111.0000    1    3.000   1.0000         1G_HH
114.0000    2    3.000   1.0000         1G_HR
117.0000    0    1.000   1.0000          NULL 
118.0000    2    3.000   1.0000         1G_HR
121.0000    4    3.000   1.0000    2G_SAME_HR
124.0000    7    3.000   1.0000         Catch
127.0000    0    1.000   1.0000          NULL 
128.0000    2    3.000   1.0000         1G_HR
131.0000    0    1.000   1.0000          NULL 
132.0000    6    3.000   1.0000    2G_DIFF_HR
135.0000    1    3.000   1.0000         1G_HH
138.0000    4    3.000   1.0000    2G_SAME_HR
141.0000    1    3.000   1.0000         1G_HH
144.0000    4    3.000   1.0000    2G_SAME_HR
147.0000    2    3.000   1.0000         1G_HR
150.0000    0    1.000   1.0000          NULL 
151.0000    5    3.000   1.0000    2G_DIFF_HH
154.0000    2    3.000   1.0000         1G_HR
157.0000    4    3.000   1.0000    2G_SAME_HR
160.0000    0    1.000   1.0000          NULL 
161.0000    3    3.000   1.0000    2G_SAME_HH
164.0000    7    3.000   1.0000         Catch
167.0000    1    3.000   1.0000         1G_HH
170.0000    0    1.000   1.0000          NULL 
171.0000    1    3.000   1.0000         1G_HH
174.0000    0    2.000   1.0000          NULL 
176.0000    1    3.000   1.0000         1G_HH
179.0000    4    3.000   1.0000    2G_SAME_HR
182.0000    2    3.000   1.0000         1G_HR
185.0000    5    3.000   1.0000    2G_DIFF_HH
188.0000    0    1.000   1.0000          NULL 
189.0000    2    3.000   1.0000         1G_HR
192.0000    1    3.000   1.0000         1G_HH
195.0000    0    3.000   1.0000          NULL 
198.0000    2    3.000   1.0000         1G_HR
201.0000    5    3.000   1.0000    2G_DIFF_HH
204.0000    7    3.000   1.0000         Catch
207.0000    1    3.000   1.0000         1G_HH
210.0000    1    3.000   1.0000         1G_HH
213.0000    2    3.000   1.0000         1G_HR
216.0000    6    3.000   1.0000    2G_DIFF_HR
219.0000    3    3.000   1.0000    2G_SAME_HH
222.0000    0    2.000   1.0000          NULL 
224.0000    4    3.000   1.0000    2G_SAME_HR
227.0000    1    3.000   1.0000         1G_HH
230.0000    1    3.000   1.0000         1G_HH
233.0000    6    3.000   1.0000    2G_DIFF_HR
236.0000    0    1.000   1.0000          NULL 
237.0000    1    3.000   1.0000         1G_HH
240.0000    0    2.000   1.0000          NULL 
242.0000    3    3.000   1.0000    2G_SAME_HH
245.0000    3    3.000   1.0000    2G_SAME_HH
248.0000    6    3.000   1.0000    2G_DIFF_HR
251.0000    1    3.000   1.0000         1G_HH
254.0000    2    3.000   1.0000         1G_HR
257.0000    0    1.000   1.0000          NULL 
258.0000    3    3.000   1.0000    2G_SAME_HH
261.0000    6    3.000   1.0000    2G_DIFF_HR
264.0000    2    3.000   1.0000         1G_HR
267.0000    0    1.000   1.0000          NULL 
268.0000    2    3.000   1.0000         1G_HR
271.0000    1    3.000   1.0000         1G_HH
274.0000    0    2.000   1.0000          NULL 
276.0000    1    3.000   1.0000         1G_HH
279.0000    7    3.000   1.0000         Catch
282.0000    4    3.000   1.0000    2G_SAME_HR
285.0000    0    1.000   1.0000          NULL 
286.0000    5    3.000   1.0000    2G_DIFF_HH
289.0000    2    3.000   1.0000         1G_HR
292.0000    0    1.000   1.0000          NULL 
293.0000    6    3.000   1.0000    2G_DIFF_HR
296.0000    5    3.000   1.0000    2G_DIFF_HH
299.0000    0    2.000   1.0000          NULL 
301.0000    4    3.000   1.0000    2G_SAME_HR
304.0000    6    3.000   1.0000    2G_DIFF_HR
307.0000    2    3.000   1.0000         1G_HR
310.0000    5    3.000   1.0000    2G_DIFF_HH
313.0000    6    3.000   1.0000    2G_DIFF_HR
316.0000    6    3.000   1.0000    2G_DIFF_HR
319.0000    0    2.000   1.0000          NULL 
321.0000    6    3.000   1.0000    2G_DIFF_HR
324.0000    4    3.000   1.0000    2G_SAME_HR
327.0000    1    3.000   1.0000         1G_HH
330.0000    5    3.000   1.0000    2G_DIFF_HH
333.0000    3    3.000   1.0000    2G_SAME_HH
336.0000    2    3.000   1.0000         1G_HR
339.0000    3    3.000   1.0000    2G_SAME_HH
342.0000    4    3.000   1.0000    2G_SAME_HR
345.0000    4    3.000   1.0000    2G_SAME_HR
348.0000    3    3.000   1.0000    2G_SAME_HH
351.0000    1    3.000   1.0000         1G_HH
354.0000    1    3.000   1.0000         1G_HH
357.0000    0    1.000   1.0000          NULL 
358.0000    6    3.000   1.0000    2G_DIFF_HR
361.0000    2    3.000   1.0000         1G_HR
364.0000    1    3.000   1.0000         1G_HH
367.0000    2    3.000   1.0000         1G_HR
370.0000    1    3.000   1.0000         1G_HH
373.0000    7    3.000   1.0000         Catch
376.0000    3    3.000   1.0000    2G_SAME_HH
379.0000    0    2.000   1.0000          NULL 
381.0000    2    3.000   1.0000         1G_HR
384.0000    3    3.000   1.0000    2G_SAME_HH
387.0000    0    2.000   1.0000          NULL 
389.0000    1    3.000   1.0000         1G_HH
392.0000    2    3.000   1.0000         1G_HR
395.0000    6    3.000   1.0000    2G_DIFF_HR
398.0000    2    3.000   1.0000         1G_HR
401.0000    6    3.000   1.0000    2G_DIFF_HR
404.0000    4    3.000   1.0000    2G_SAME_HR
407.0000    2    3.000   1.0000         1G_HR
410.0000    6    3.000   1.0000    2G_DIFF_HR
413.0000    5    3.000   1.0000    2G_DIFF_HH
416.0000    2    3.000   1.0000         1G_HR
419.0000    6    3.000   1.0000    2G_DIFF_HR
422.0000    2    3.000   1.0000         1G_HR
425.0000    0    1.000   1.0000          NULL 
426.0000    1    3.000   1.0000         1G_HH
429.0000    5    3.000   1.0000    2G_DIFF_HH
432.0000    0    1.000   1.0000          NULL 
433.0000    3    3.000   1.0000    2G_SAME_HH
436.0000    1    3.000   1.0000         1G_HH
439.0000    7    3.000   1.0000         Catch
442.0000    2    3.000   1.0000         1G_HR
445.0000    0    2.000   1.0000          NULL 
447.0000    1    3.000   1.0000         1G_HH
450.0000    1    3.000   1.0000         1G_HH
453.0000    2    3.000   1.0000         1G_HR
